
<svg version="1.1" id="Layer_1" xmlns="http://www.w3.org/2000/svg" xmlns:xlink="http://www.w3.org/1999/xlink" x="0px" y="0px"
	 width="100%" viewBox="0 0 512 512" enable-background="new 0 0 512 512" xml:space="preserve">
<path fill="#000000" opacity="1.000000" stroke="none" 
	d="
M341.742310,199.229019 
	C345.748871,212.920700 352.512756,224.798553 360.128998,236.298355 
	C349.016083,226.441772 343.441223,213.197556 337.893280,198.842575 
	C332.517029,207.045105 327.547333,214.081589 323.191345,221.479431 
	C320.606934,225.868515 325.308044,234.543884 330.382019,235.693527 
	C332.471100,236.166885 334.649292,236.350342 336.351013,238.353470 
	C334.189392,240.798798 331.607147,238.559631 329.199158,239.388580 
	C336.206573,241.258957 342.966492,243.063263 349.726410,244.867569 
	C349.626526,245.400436 349.526672,245.933289 349.426788,246.466156 
	C343.644989,248.141098 338.056000,245.369095 332.084991,244.781601 
	C335.433350,247.391205 351.045776,250.028870 358.203857,249.053116 
	C352.748230,253.767761 347.656464,257.334778 341.192383,258.072113 
	C338.021881,258.433807 337.297638,259.567078 337.824646,262.573853 
	C338.540802,266.659424 339.066742,270.820312 339.160370,274.960541 
	C339.244476,278.680573 340.303284,279.818268 344.238007,279.271973 
	C351.310822,278.290131 358.445496,277.505890 365.629883,277.694916 
	C367.630402,277.747559 369.616455,277.712555 371.397064,279.228790 
	C370.644775,281.663849 368.502960,281.902802 366.682007,282.205994 
	C359.959930,283.325317 353.219421,284.356079 346.460205,285.219513 
	C343.882141,285.548798 341.454834,285.752655 340.408539,289.417358 
	C338.358368,286.327118 335.992859,286.778809 333.457123,287.160767 
	C327.688324,288.029663 321.979858,289.010864 316.458557,291.013214 
	C313.019684,292.260406 310.958130,294.303894 310.143188,297.991150 
	C307.774414,308.708862 305.159851,319.372162 302.673431,330.064148 
	C302.213684,332.041107 302.522369,333.975433 302.944763,335.976166 
	C305.759644,349.309998 310.096466,362.327728 311.716187,375.900238 
	C315.402588,406.790222 308.651123,435.109619 290.154633,460.350006 
	C280.823486,473.083344 267.163361,478.930878 252.674713,483.278625 
	C232.991638,489.185028 213.547745,485.945068 193.985901,482.061493 
	C180.636948,479.411377 171.129013,471.288239 161.630768,462.530334 
	C146.987427,449.028290 140.533798,431.754517 137.978455,412.670044 
	C136.974838,405.174683 138.518402,397.726715 140.264618,390.426788 
	C141.833237,383.869293 142.734344,377.461639 140.521561,370.775146 
	C139.270554,366.994934 140.260788,362.839142 140.163925,358.859589 
	C139.936249,349.506989 143.727356,341.202271 146.527115,332.645050 
	C149.434784,323.758057 153.383774,315.257172 158.006561,307.179474 
	C165.260757,294.503632 170.166641,280.464355 179.882263,269.208679 
	C181.123779,267.770355 180.796143,266.089661 180.358276,264.451355 
	C177.109741,252.296600 171.938477,241.624924 159.180588,236.699295 
	C157.012878,235.862381 154.928345,234.778351 152.879089,233.671967 
	C145.068069,229.454803 137.463104,225.593704 128.289536,230.829941 
	C125.233063,232.574554 121.033409,233.240601 116.893448,231.820663 
	C117.662338,229.366623 119.723991,228.511322 121.627678,227.805817 
	C125.383308,226.414001 129.052338,224.935959 132.530640,222.893158 
	C135.210831,221.319077 137.941208,221.262527 140.986954,222.936447 
	C145.594635,225.468765 150.559769,227.350693 156.442764,229.988693 
	C152.123581,224.515884 147.325897,220.817581 145.409592,214.983521 
	C147.529114,214.126801 147.825302,215.689377 148.362732,216.472687 
	C151.432281,220.946655 155.400452,224.394379 159.894394,227.384247 
	C168.573303,233.158447 177.550980,243.668854 182.719650,253.762695 
	C195.958206,250.241959 196.588943,236.510132 192.838181,221.970001 
	C188.364944,222.498627 185.279846,225.845673 181.483932,227.676178 
	C177.889709,229.409409 174.759186,232.337509 169.254715,232.111465 
	C173.761627,227.575836 179.327774,226.623901 183.298737,223.218658 
	C184.802597,221.929047 186.505264,220.762802 188.301712,219.945755 
	C191.894821,218.311554 191.267441,215.938538 190.181046,213.008286 
	C188.954681,209.700500 186.866608,210.656448 184.526001,211.198685 
	C182.057999,211.770416 179.664642,213.282928 176.264648,212.189972 
	C179.551392,209.613373 183.335464,209.502563 186.283661,207.579071 
	C177.197922,208.932678 168.555649,212.458359 159.167160,212.278946 
	C166.316162,209.623169 173.503555,207.210236 180.455963,204.039612 
	C167.133041,206.576660 153.927841,209.739120 140.136688,210.312210 
	C144.713638,207.422043 149.843002,205.736237 154.412704,202.969818 
	C159.678177,199.782150 165.163940,196.955750 170.579453,194.019333 
	C174.543915,191.869659 175.923828,189.106583 175.180084,184.238266 
	C173.805740,175.242020 173.551315,166.074768 170.884003,156.615005 
	C161.714935,159.695816 152.695404,162.726379 143.675858,165.756943 
	C144.854324,162.976334 147.195312,162.312790 149.344589,161.437500 
	C155.047546,159.115005 160.752335,156.783630 166.542206,154.693420 
	C169.474396,153.634888 170.747467,152.454208 169.992249,148.911835 
	C168.403793,141.461075 167.462738,133.872269 166.113953,125.453865 
	C154.043976,136.149582 141.875031,145.953003 126.581573,152.265549 
	C126.891670,149.136780 129.110718,148.609756 130.512360,147.567398 
	C135.721695,143.693359 140.981812,139.878433 146.352615,136.232452 
	C161.132843,126.198906 169.457458,110.638672 179.659821,96.815720 
	C194.192154,77.126198 206.642670,56.001995 219.580063,35.230988 
	C219.741058,34.972519 220.092697,34.832806 221.161331,34.038795 
	C221.806656,40.451481 218.077942,44.628109 215.672150,49.168190 
	C213.121140,53.982307 210.298645,58.652557 207.278305,63.939476 
	C214.300964,63.792408 220.448654,62.531109 226.622025,61.584534 
	C231.714081,60.803768 236.745895,59.547077 241.857819,59.007629 
	C245.377823,58.636181 246.966919,57.349438 246.805023,53.735012 
	C246.719696,51.830101 246.863678,49.787182 248.732941,48.033100 
	C250.492966,50.742348 249.342163,53.686882 249.903366,56.339828 
	C250.367966,58.536140 251.017792,59.975430 253.358658,60.560364 
	C260.502930,62.345547 267.844238,62.584259 275.099182,63.487061 
	C277.335785,63.765388 278.272522,62.086941 279.103271,60.366001 
	C280.332123,57.820374 281.528473,55.252419 282.906525,52.787830 
	C283.809265,51.173340 285.305145,50.423847 287.138367,51.304096 
	C289.083252,52.237946 289.012299,53.883812 288.316772,55.570351 
	C287.372009,57.861156 286.340027,60.115982 285.261993,62.576706 
	C288.472534,65.041435 292.018127,65.526665 295.162079,63.947021 
	C297.993774,62.524235 299.877777,62.839638 302.476013,64.292130 
	C305.239319,65.836906 308.587677,65.678062 311.772797,65.600502 
	C314.197174,65.541473 314.664612,63.833241 315.093719,61.951580 
	C316.070557,57.667778 315.767578,53.320919 315.683563,49.006294 
	C315.614777,45.474434 316.476044,42.222500 317.305573,38.594528 
	C320.019257,39.887062 319.191803,41.907207 319.237396,43.525658 
	C319.669861,58.879761 316.976074,73.837204 313.111664,88.594170 
	C312.276642,91.782776 312.683167,93.700439 315.208527,95.929909 
	C322.788177,102.621536 323.899200,105.270119 326.755066,119.580811 
	C330.809052,118.973335 331.995453,116.473885 332.064117,112.629997 
	C332.270020,101.098183 331.056732,89.702408 329.462799,78.312378 
	C328.992401,74.950851 326.979797,72.674713 325.046997,70.052498 
	C331.611450,71.712753 335.981842,77.145393 342.122314,80.129593 
	C343.030029,77.075294 341.385376,74.559975 341.734711,71.966446 
	C341.945190,70.403946 342.157745,68.803360 344.017517,68.599754 
	C345.741394,68.411018 346.118408,69.947044 346.437469,71.241707 
	C346.993408,73.497360 347.979858,75.797638 347.876099,78.037071 
	C347.557953,84.906326 351.591339,88.622902 356.839661,91.729080 
	C358.661865,92.807549 360.486725,93.983757 361.934570,96.630051 
	C356.736053,96.435013 354.231598,92.174614 349.973328,91.014519 
	C348.574310,93.396774 350.073364,95.786789 350.071991,98.130699 
	C350.067200,106.293594 350.087921,114.456512 350.077637,122.619385 
	C350.071320,127.636406 347.517181,129.946136 341.683899,129.243591 
	C347.902008,136.897995 355.195618,142.198517 362.813812,148.306946 
	C358.614105,149.397751 356.413635,147.356308 354.466217,145.659256 
	C350.708191,142.384384 346.708344,139.125946 343.874847,135.108734 
	C338.882019,128.030228 332.384674,128.375443 324.684204,129.864990 
	C326.103455,133.388855 327.312256,136.769424 328.802734,140.020874 
	C333.565735,150.411133 335.597748,161.573624 337.921814,172.622162 
	C338.865662,177.109451 339.241760,181.925674 335.645630,185.681244 
	C336.721497,187.722366 338.720276,187.989288 340.311798,189.394333 
	C344.673828,185.010544 347.099396,179.256714 351.993591,173.676025 
	C350.539551,180.290466 347.186493,184.377548 344.285034,188.669540 
	C342.181976,191.780502 340.298737,194.872559 341.742310,199.229019 
M211.955521,108.304794 
	C222.225281,107.022400 232.118256,104.181122 241.928665,101.016373 
	C244.010056,100.344933 246.356766,99.531708 246.423691,96.933723 
	C246.722107,85.349396 247.106232,73.754128 246.141327,61.911575 
	C232.958450,63.461464 220.424591,66.235069 207.598480,66.353806 
	C205.883484,66.369682 204.930420,67.667480 204.172363,68.957390 
	C194.711975,85.055176 183.359222,99.801025 171.884171,114.470795 
	C170.073761,116.785225 168.244186,119.606560 168.627899,122.597870 
	C169.788620,131.646530 171.417740,140.634598 172.825500,149.652328 
	C173.343430,152.970093 175.197479,154.170792 178.436218,153.527161 
	C183.328247,152.554947 188.224091,151.599274 193.129822,150.699326 
	C208.036545,147.964767 222.683334,144.269653 237.016922,139.299667 
	C240.658554,138.036972 243.032944,136.415070 243.224213,132.121613 
	C243.490173,126.151703 244.295334,120.206810 244.825684,114.247292 
	C245.124664,110.887947 246.544220,107.502113 244.677551,103.597450 
	C233.222092,107.420746 221.906662,111.286743 209.983414,112.572662 
	C198.424606,113.819283 186.907242,117.244331 175.244843,114.506516 
	C175.217621,114.016487 175.190414,113.526451 175.163193,113.036423 
	C187.140060,111.523918 199.116943,110.011414 211.955521,108.304794 
M201.066864,273.355286 
	C195.907883,273.179901 190.788132,273.293182 185.665024,274.214447 
	C183.177963,274.661682 181.871979,275.785980 181.050583,278.053802 
	C178.503433,285.086121 175.968185,292.128143 173.163651,299.059296 
	C171.988922,301.962555 172.634811,303.339050 175.548706,304.191803 
	C187.211243,307.604858 199.049332,310.151245 211.093857,311.769135 
	C214.565155,312.235413 216.885437,311.337799 218.900436,308.066986 
	C222.574081,302.103821 226.921143,296.555481 230.987259,290.834106 
	C231.921829,293.736481 230.540878,295.558777 229.284698,297.411499 
	C226.485718,301.539642 223.693115,305.672852 220.834137,309.759369 
	C219.054840,312.302673 219.524902,313.949249 222.036041,315.953094 
	C234.740173,326.090851 249.060608,333.494476 263.307800,341.070160 
	C265.821747,342.406891 267.356415,341.498657 269.069031,340.065491 
	C272.766022,336.971771 276.393250,333.792267 280.145813,330.768005 
	C287.090240,325.171478 287.399261,322.520538 281.624481,315.692352 
	C280.553955,314.426544 279.452271,313.131409 278.152832,312.123230 
	C255.240219,294.347107 230.931641,279.300110 201.066864,273.355286 
M177.579849,184.876389 
	C178.140625,188.260559 180.083954,189.157684 183.314224,188.371796 
	C186.375275,187.627075 189.503403,187.112701 192.627380,186.679855 
	C205.340393,184.918442 217.706451,181.655624 230.063675,178.300171 
	C235.308762,176.875931 238.352676,174.087585 238.643738,168.340454 
	C238.844391,164.378738 240.030365,160.475235 240.382462,156.510773 
	C240.812851,151.664566 242.771484,146.839478 241.024231,141.582458 
	C234.417282,142.726654 228.538254,145.557053 222.326706,147.211060 
	C207.869263,151.060822 193.253571,154.203171 178.476868,156.564377 
	C175.582169,157.026917 173.910522,157.933411 174.867462,161.448105 
	C176.880386,168.841400 176.794434,176.517532 177.579849,184.876389 
M223.838638,437.215027 
	C221.878891,440.687134 220.226044,444.385895 217.874817,447.568787 
	C215.426132,450.883606 216.484467,452.868500 219.226501,455.061829 
	C224.840622,459.552429 230.822708,463.489349 237.341858,466.452820 
	C243.835510,469.404633 250.432587,472.165833 257.886414,471.857574 
	C260.716919,471.740448 262.411163,471.055817 263.558319,468.258331 
	C269.926208,452.729156 276.522797,437.293823 282.907379,421.771362 
	C283.935028,419.272919 285.333038,416.755219 285.213531,413.096954 
	C277.830719,415.920044 270.998840,418.741791 264.010651,421.100403 
	C261.260468,422.028625 259.890320,423.486298 259.249115,426.163452 
	C258.084290,431.027039 256.289673,435.679840 254.009048,440.132141 
	C253.205261,441.701355 251.708023,443.485687 250.218048,441.713715 
	C245.133881,435.667480 237.922394,437.664429 231.623245,436.434418 
	C229.312515,435.983215 226.590775,433.766846 223.838638,437.215027 
M237.944672,421.620972 
	C240.935623,421.691040 243.929367,421.871460 246.916641,421.795929 
	C249.260178,421.736694 250.609894,420.514252 250.386948,417.951935 
	C249.854034,411.827148 249.875000,405.535400 246.796463,399.989929 
	C241.105347,389.738190 234.191620,380.348907 221.743927,378.319244 
	C210.056396,376.413544 199.415985,380.047119 189.861206,387.051361 
	C186.513489,389.505432 186.414352,391.413361 189.025833,394.702820 
	C201.393768,410.281586 217.796188,418.401581 237.944672,421.620972 
M307.963348,392.376953 
	C310.034027,385.008545 310.312988,377.545258 306.159088,370.962006 
	C298.647522,359.057343 292.400604,346.710022 289.455353,332.844330 
	C289.159515,331.451477 288.750671,329.903290 286.629578,329.039795 
	C281.316315,333.388641 275.954681,338.073120 270.260864,342.311462 
	C267.452362,344.402039 267.062256,346.342865 268.161438,349.499268 
	C272.316132,361.429779 276.056335,373.505920 280.292633,385.406189 
	C282.827271,392.526398 285.995331,399.421082 289.018585,406.756561 
	C296.662659,403.113556 302.424835,398.479675 307.963348,392.376953 
M204.532990,349.940186 
	C210.359833,355.582245 217.247375,359.494049 224.653351,362.698273 
	C231.171280,365.518311 237.259659,367.048096 242.492905,360.380066 
	C243.281311,359.375519 244.670624,358.863678 245.700577,358.024078 
	C251.292068,353.466034 257.504761,349.653137 262.844360,344.302094 
	C246.676971,335.874908 230.971848,327.641815 217.014053,316.177216 
	C211.161942,324.839233 207.245102,333.662964 202.757904,342.181030 
	C201.147156,345.238739 201.199722,347.438904 204.532990,349.940186 
M191.947342,454.486633 
	C186.801697,454.760590 181.653610,454.996735 176.511765,455.329529 
	C174.762268,455.442719 172.742142,455.170776 172.779648,458.081757 
	C172.871628,465.222595 178.689041,474.416351 185.367447,476.497070 
	C203.654449,482.194489 222.450119,484.460693 241.493057,482.408813 
	C248.348297,481.670166 255.353683,479.885620 262.241150,475.562592 
	C243.378052,474.766418 228.494843,467.004456 215.271622,455.443268 
	C214.027512,454.355560 212.706543,453.351257 210.802002,453.742676 
	C204.870331,454.961700 198.849152,453.988495 191.947342,454.486633 
M248.855301,378.659576 
	C259.058746,389.564270 262.604797,402.808319 261.337646,418.019531 
	C269.435974,415.908203 275.989258,413.195709 282.609467,410.643494 
	C286.050476,409.316956 286.615295,407.706879 285.018890,404.264984 
	C279.489960,392.344666 275.195648,379.938934 271.281494,367.396606 
	C269.225098,360.807068 266.893372,354.303467 264.386505,346.873474 
	C254.576523,354.393311 245.464279,361.378326 235.840515,368.755402 
	C240.359131,372.427307 245.324081,374.073303 248.855301,378.659576 
M212.408569,318.238342 
	C214.289825,315.281342 211.852051,315.424896 210.124115,315.051270 
	C197.945587,312.417908 185.597397,310.524536 173.649246,306.895477 
	C170.883469,306.055420 170.126266,307.429291 169.398087,309.550690 
	C166.628387,317.619659 165.557449,326.026276 164.275681,334.398895 
	C163.791809,337.559692 165.123932,339.249176 167.935608,340.570496 
	C176.579163,344.632416 185.719543,345.789093 195.119598,345.884918 
	C197.535965,345.909515 198.657486,344.664856 199.643860,342.731964 
	C203.724518,334.735626 207.896622,326.785950 212.408569,318.238342 
M307.384369,397.626648 
	C303.543152,400.531525 299.897858,403.759094 295.802582,406.245483 
	C292.115387,408.484100 290.081421,411.633118 288.568207,415.395813 
	C283.118744,428.945831 277.482849,442.424774 272.297974,456.075134 
	C270.410065,461.045502 267.386017,465.701630 266.608429,471.215942 
	C270.679901,472.234344 273.616577,471.378113 276.487427,469.232208 
	C282.969727,464.386871 288.450134,458.704742 292.405273,451.605133 
	C297.670349,442.154114 302.759003,432.557098 305.775085,422.162415 
	C308.089874,414.184692 310.190369,405.949554 307.384369,397.626648 
M182.977051,199.030884 
	C184.126617,199.010590 186.068985,198.577927 186.305481,199.032562 
	C189.300446,204.790497 192.921051,200.050980 196.033279,199.525055 
	C200.075333,198.842026 203.965363,197.259460 207.920822,196.064072 
	C208.088669,196.525162 208.256531,196.986252 208.424377,197.447357 
	C203.670547,201.433975 197.181061,202.261139 192.072250,205.678268 
	C201.659103,203.881470 210.235535,198.736084 220.306473,196.726028 
	C219.408600,199.484634 217.559082,199.641113 216.135406,200.349167 
	C210.156311,203.322723 203.770615,205.234909 197.489212,207.414597 
	C195.136383,208.231018 192.250168,208.582916 193.564651,212.269592 
	C194.543732,215.015549 194.933380,218.028885 199.465149,217.129913 
	C210.763092,214.888702 221.628799,211.238464 232.564697,207.781464 
	C234.581741,207.143875 235.110016,205.530609 235.839249,203.760925 
	C239.026108,196.027008 233.284775,188.453674 236.690475,180.371353 
	C216.939407,184.703278 198.319778,188.787048 179.704620,192.869843 
	C180.102020,195.486710 180.915756,197.261444 182.977051,199.030884 
M193.274612,428.180450 
	C190.601852,418.806213 183.877930,416.787170 175.230133,418.211823 
	C174.417847,418.345642 173.566360,418.331512 172.740402,418.276367 
	C169.582382,418.065430 168.270538,419.482300 168.216965,422.669586 
	C168.068283,431.517181 169.302078,440.215179 170.725723,448.900726 
	C171.088440,451.113770 172.052124,452.317017 174.740341,452.149445 
	C180.705612,451.777618 186.701096,451.921234 192.675751,451.660065 
	C198.016571,451.426605 203.345993,450.932098 209.464630,450.497009 
	C203.424774,442.969879 197.601166,436.554596 193.274612,428.180450 
M277.976166,187.357056 
	C268.764648,185.239532 259.553375,183.120941 250.341568,181.004761 
	C239.223953,178.450745 237.487656,179.945648 239.331497,191.556122 
	C240.040573,196.021194 241.148361,200.242859 239.360016,204.717896 
	C238.156845,207.728577 240.422272,208.455200 242.795898,208.695663 
	C249.417068,209.366501 256.035217,210.086395 262.668732,210.605850 
	C264.952118,210.784653 267.967010,211.250122 269.240021,209.156189 
	C273.259979,202.543884 277.418945,195.903580 277.976166,187.357056 
M289.843353,228.730743 
	C298.188721,232.188873 312.536224,229.132019 316.191071,222.716171 
	C302.094147,214.883606 292.817444,202.021606 282.575928,189.234238 
	C279.019501,196.900131 275.712646,203.954773 272.486603,211.046173 
	C271.870789,212.399902 272.460327,213.770081 273.436737,214.720795 
	C278.419922,219.572830 282.690216,225.259232 289.843353,228.730743 
M294.055481,299.461548 
	C295.647919,295.809296 296.791779,291.866180 298.930298,288.567993 
	C302.861023,282.505707 302.481171,277.903412 296.901245,272.811737 
	C291.341248,267.738281 286.808624,261.538910 281.223938,255.144348 
	C277.543182,262.907471 274.148834,270.045563 270.780487,277.195892 
	C270.333130,278.145447 270.486725,279.094879 270.921600,280.072205 
	C275.382050,290.096497 283.096161,297.116913 291.966888,303.639526 
	C292.753296,302.129944 293.275818,301.126953 294.055481,299.461548 
M165.420853,373.070618 
	C165.854752,374.845490 166.254959,376.629456 166.728943,378.393555 
	C168.075607,383.405548 172.621414,381.729553 175.866089,382.586945 
	C178.225266,383.210297 180.237778,382.600403 181.505142,379.871582 
	C185.423569,371.434509 189.645523,363.138855 193.684814,354.757050 
	C194.434906,353.200531 195.751694,351.675079 194.569870,349.200958 
	C184.551300,348.925354 174.582214,347.007446 164.093979,342.786438 
	C164.507843,353.450836 163.142609,362.874084 165.420853,373.070618 
M258.219391,274.270905 
	C261.118042,275.362488 264.016663,276.454102 267.349548,277.709259 
	C270.459839,269.352386 274.621246,262.044403 278.558502,253.996490 
	C272.524597,251.829361 267.086304,249.479156 262.045502,246.321457 
	C254.186249,241.398178 254.070709,241.361771 249.281479,249.275116 
	C246.321320,254.166290 242.505447,258.592346 240.371124,264.094513 
	C246.041443,268.083221 251.757675,271.068756 258.219391,274.270905 
M250.219467,236.835632 
	C252.176727,236.849884 253.717285,236.272125 254.684113,234.348312 
	C257.999084,227.752029 261.403442,221.200668 265.011414,214.169006 
	C255.916656,213.226303 247.528198,212.352386 239.138290,211.492737 
	C238.089478,211.385269 237.102844,211.652206 236.513062,212.571213 
	C231.528152,220.338715 227.651917,228.663635 223.284988,237.663895 
	C232.603867,237.662857 241.005844,238.255234 250.219467,236.835632 
M268.658722,123.078766 
	C272.919800,120.758865 277.643738,119.205513 281.365967,116.197105 
	C273.752136,106.205521 263.167999,105.044693 252.431976,104.235970 
	C249.426117,104.009544 248.436462,105.364014 248.224686,108.312172 
	C247.688980,115.769943 246.992661,123.228271 245.998016,130.637695 
	C244.933456,138.567917 248.050552,141.236923 256.499939,138.669098 
	C253.747437,132.170288 257.522430,128.949921 262.858582,126.491951 
	C264.663177,125.660698 266.302948,124.471642 268.658722,123.078766 
M214.739365,216.341507 
	C208.973785,217.885452 203.208206,219.429382 197.248520,221.025299 
	C196.771332,225.031784 198.700485,228.838974 198.181305,232.848282 
	C197.677277,236.740433 196.467499,240.656693 197.826675,244.776917 
	C200.354080,245.139420 202.379547,243.646210 204.625443,243.250290 
	C214.442566,241.519745 221.796356,236.828339 225.326035,226.962479 
	C227.173630,221.798279 230.979141,217.427368 232.558533,211.390244 
	C226.082947,212.283463 220.955582,214.786392 214.739365,216.341507 
M268.488861,83.000282 
	C270.582001,77.693123 273.987762,72.895996 275.330048,66.673737 
	C266.525055,66.197456 258.580200,64.142067 249.985962,62.023540 
	C249.985962,66.968552 250.065384,71.265572 249.964096,75.558311 
	C249.858292,80.043640 249.493866,84.522934 249.391083,89.008263 
	C249.106918,101.407845 249.137527,101.409401 261.723755,101.755821 
	C261.862671,101.759636 262.006104,101.599136 262.698456,101.188644 
	C259.417084,98.472565 261.597900,95.981644 263.019348,93.364891 
	C264.765045,90.151253 266.427185,86.892235 268.488861,83.000282 
M285.335022,230.229538 
	C280.208862,226.749466 275.759521,222.500595 271.585876,217.961975 
	C269.777039,215.994949 268.142059,215.893661 266.842285,218.245605 
	C263.244934,224.755051 259.777344,231.336243 256.135132,238.118729 
	C263.128204,242.874283 269.539886,247.598755 277.352020,249.875549 
	C278.808624,250.300095 280.289307,250.952469 281.375427,249.282135 
	C284.701996,244.166107 287.994171,239.027740 291.243011,233.986084 
	C289.735565,231.933228 287.507996,231.802765 285.335022,230.229538 
M216.278214,250.743027 
	C214.682892,254.474350 212.484222,257.998962 211.884018,263.208221 
	C219.787476,263.208221 227.246521,263.229370 234.705215,263.186432 
	C235.884811,263.179657 237.138397,262.804565 237.797058,261.779999 
	C242.149994,255.008682 246.429886,248.190430 250.944275,241.054382 
	C243.055573,241.054382 236.107071,241.452805 229.227554,240.934906 
	C223.152557,240.477585 219.322784,242.466766 217.540833,248.306046 
	C217.350372,248.930130 216.917862,249.480331 216.278214,250.743027 
M301.396881,95.766342 
	C304.027588,93.624687 308.718506,94.053314 309.763885,90.191559 
	C311.648102,83.231400 313.755951,76.260330 314.155090,68.242355 
	C310.204407,68.242355 306.596954,68.251389 302.989532,68.238388 
	C301.285950,68.232246 300.177246,69.140770 299.454529,70.559563 
	C294.708557,79.876884 289.577667,88.968361 284.089417,97.875526 
	C282.072083,101.149521 285.074524,103.673325 287.011749,105.576103 
	C289.233582,107.758461 290.851562,105.199898 292.112183,103.542343 
	C294.475159,100.435303 297.616180,98.292969 301.396881,95.766342 
M306.024353,211.509781 
	C309.301910,213.775681 312.557220,216.074646 315.864624,218.296143 
	C318.158112,219.836639 320.119781,219.645599 321.803253,217.182144 
	C326.209686,210.734100 330.756561,204.382019 335.161652,197.933075 
	C336.693146,195.690964 338.143402,193.108673 335.607056,190.749496 
	C333.148041,188.462296 330.392670,187.626617 327.035370,189.689423 
	C321.092957,193.340622 314.812653,196.447327 308.919952,200.171463 
	C306.361115,201.788620 303.122528,202.783600 301.580261,205.836868 
	C302.399689,208.036713 304.135193,209.394028 306.024353,211.509781 
M308.765839,268.262268 
	C312.591125,262.420746 312.519775,257.424530 306.996490,252.195267 
	C303.350830,248.743637 300.954071,243.924118 298.214050,239.580841 
	C296.179657,236.356155 294.427307,235.577774 292.089417,239.254105 
	C290.044342,242.470047 287.916962,245.650482 285.591125,248.665482 
	C283.892365,250.867615 283.877655,252.592621 285.635742,254.805374 
	C290.694031,261.171814 295.930908,267.372620 301.638062,273.164062 
	C302.504974,274.043793 303.303070,275.339813 305.184662,274.847656 
	C306.223969,272.959961 307.335022,270.941925 308.765839,268.262268 
M242.160629,164.421616 
	C240.354813,175.647324 240.354599,175.648331 251.784988,178.104080 
	C252.755768,178.312622 253.728333,178.516830 254.706375,178.686768 
	C257.435852,179.161057 258.730316,178.095108 258.720978,175.230499 
	C258.691284,166.111145 259.136963,156.979172 257.797638,147.904572 
	C257.297577,144.516556 248.407486,140.406845 245.440826,142.188751 
	C244.426422,142.798065 244.460663,143.806366 244.351257,144.794022 
	C243.658905,151.043640 242.946457,157.291016 242.160629,164.421616 
M313.096191,134.234558 
	C309.456360,133.601349 310.113922,135.901581 310.191467,138.177582 
	C310.340881,142.561783 307.633179,144.464005 303.079681,143.152466 
	C303.949005,140.811966 305.970184,138.206604 302.220490,135.793777 
	C301.321106,139.057983 300.767303,141.988602 299.701935,144.719696 
	C298.088165,148.856689 298.762878,152.274109 301.444214,155.814255 
	C304.971954,160.471939 308.650696,164.967606 312.893311,168.963776 
	C314.518829,170.494919 315.574249,173.363647 318.996002,171.627289 
	C322.086823,170.058853 322.144135,167.673828 321.786987,164.933685 
	C320.424530,154.480255 316.968323,144.596100 313.096191,134.234558 
M144.117722,408.191101 
	C143.511627,420.260559 146.115891,430.910248 157.078583,437.974670 
	C158.307938,438.766907 159.118683,440.184631 160.296768,441.085907 
	C162.282715,442.605316 163.696503,444.993073 166.821594,445.809113 
	C166.325882,441.196320 165.783905,437.097351 165.470963,432.980988 
	C165.143997,428.680298 165.022141,424.363495 164.842224,420.052399 
	C164.772629,418.384796 164.015732,417.179626 162.520264,416.513641 
	C157.090454,414.095551 152.789780,410.221466 148.703903,406.026459 
	C146.471863,403.734802 144.944778,404.462677 144.117722,408.191101 
M284.865997,182.937927 
	C285.714783,189.528381 288.674072,190.965149 293.831146,187.366135 
	C296.136505,185.757263 298.645447,184.432953 300.902985,182.764359 
	C304.831604,179.860611 309.705536,178.253967 313.216034,174.035477 
	C307.240631,168.317719 301.475677,162.703888 296.583038,155.074692 
	C292.528046,164.736130 288.843414,173.515121 284.865997,182.937927 
M200.923676,434.605255 
	C204.461746,439.560577 208.088760,444.437042 213.051987,448.982666 
	C216.610382,443.578308 219.979980,438.803162 222.166550,432.985168 
	C213.231857,428.334717 205.900360,422.130493 198.987518,415.403687 
	C197.109009,413.575714 195.491913,413.401428 193.390228,415.159546 
	C191.497864,416.742645 191.193405,418.123169 192.497421,420.249146 
	C195.272476,424.773376 197.848068,429.419983 200.923676,434.605255 
M326.663300,257.068634 
	C322.666321,256.881134 320.229309,259.430450 319.252655,262.626312 
	C317.011902,269.958740 315.390900,277.480530 313.235596,286.049377 
	C320.311981,282.604095 326.634674,281.395416 333.066162,280.675415 
	C335.515808,280.401184 336.539246,279.352966 336.120239,276.710510 
	C335.497833,272.784912 334.897430,268.807251 334.870605,264.847809 
	C334.835632,259.690155 332.713287,257.043488 326.663300,257.068634 
M195.723007,375.097290 
	C204.208298,370.442535 212.660309,365.696014 222.893509,365.492065 
	C213.915329,362.010773 206.725006,356.125610 199.496445,350.443695 
	C194.294785,356.592926 184.876328,378.025909 185.188324,383.214417 
	C188.640182,380.531128 191.877106,378.014923 195.723007,375.097290 
M343.638336,87.178787 
	C342.382507,82.646294 338.356873,81.326981 334.300568,78.771545 
	C335.824371,89.206543 336.919739,98.881012 337.317474,108.640915 
	C337.581024,115.108467 336.174652,120.101517 329.562531,122.571854 
	C328.431702,122.994331 327.227203,123.795776 326.551605,125.744835 
	C331.020630,125.744835 335.274445,125.579376 339.508942,125.794388 
	C343.256531,125.984673 344.704712,124.635170 345.131622,120.757477 
	C346.345947,109.727051 345.255768,98.864449 343.638336,87.178787 
M268.151184,96.420654 
	C267.436432,101.834251 273.836914,106.104805 280.824280,104.841324 
	C281.102020,102.343178 279.017090,100.586990 279.094635,97.830566 
	C279.240936,92.632294 282.853668,89.504601 284.833221,85.446663 
	C287.541168,79.895561 290.550110,74.491287 293.526611,68.840714 
	C282.843903,66.299103 282.933197,66.341499 278.678192,75.304443 
	C275.408081,82.192711 271.876648,88.956924 268.151184,96.420654 
M301.227234,233.250473 
	C298.498627,234.125839 299.739777,235.651108 300.617920,237.084991 
	C302.008118,239.355118 303.398193,241.626236 304.840332,243.863419 
	C307.512146,248.008209 310.064697,252.256149 313.901215,255.707550 
	C319.613892,250.565948 325.906250,253.747055 332.138611,253.964325 
	C328.793304,246.068558 323.471283,241.010406 314.986633,239.394836 
	C317.641052,236.175491 320.188202,238.139694 322.999481,237.229370 
	C315.779572,234.610321 309.684265,229.950043 301.227234,233.250473 
M278.598969,160.558121 
	C278.280487,166.862930 278.734344,173.207840 277.431549,179.465454 
	C277.096649,181.074142 277.090637,182.973969 279.345276,183.446442 
	C281.195068,183.834061 282.051392,182.587997 282.640228,181.088562 
	C286.168335,172.104553 289.687408,163.116989 293.227692,154.137772 
	C294.231842,151.590988 293.136292,150.365860 290.691589,149.929001 
	C276.784363,147.443787 278.081238,146.123520 278.546326,159.326340 
	C278.552155,159.492691 278.570679,159.658569 278.598969,160.558121 
M161.591812,380.956970 
	C159.414429,374.853790 155.161926,370.602478 149.597855,367.524048 
	C148.285110,366.797729 146.897324,365.872711 145.414963,366.778778 
	C143.816879,367.755554 144.336594,369.463562 144.622467,370.867279 
	C145.430649,374.835663 145.042099,378.718811 144.690994,382.723206 
	C144.307846,387.093109 142.730560,391.284149 142.339096,396.757690 
	C149.258316,393.189484 155.333542,390.326874 160.458099,385.810364 
	C161.673523,384.739136 161.961090,383.272980 161.591812,380.956970 
M252.654968,274.896515 
	C249.163864,272.988098 245.558609,271.258026 242.215683,269.118134 
	C239.233170,267.208893 237.448486,267.654083 236.098282,270.925232 
	C234.957520,273.688934 233.017853,276.141693 237.544037,278.021698 
	C245.061035,281.144073 251.987946,285.419128 258.659454,290.093292 
	C259.816925,290.904205 260.876099,292.225739 262.887054,291.531403 
	C263.391693,290.528015 264.068268,289.398254 264.549072,288.190552 
	C267.026306,281.968170 266.596893,281.050964 260.544281,278.562927 
	C258.094574,277.555908 255.727234,276.348419 252.654968,274.896515 
M320.208160,141.445404 
	C322.018372,147.651810 324.348602,153.765060 325.482086,160.092682 
	C326.473633,165.627686 331.282410,172.280060 322.544403,176.096313 
	C326.364197,180.822662 328.005920,181.829239 330.266815,180.919540 
	C332.927460,179.848999 333.947571,177.885376 333.670166,175.010086 
	C332.285828,160.662781 328.835052,146.919861 321.851593,134.209137 
	C321.041351,132.734421 320.395294,130.726913 317.666962,131.226334 
	C317.218109,134.700806 319.450317,137.509216 320.208160,141.445404 
M197.641159,249.311584 
	C195.195709,254.504868 196.797409,259.846558 196.288193,265.199158 
	C202.518753,264.715515 207.900299,262.511566 209.080002,259.921478 
	C211.537262,254.526413 213.835251,249.058823 216.342957,243.289078 
	C209.888672,244.409363 204.079224,246.682053 197.641159,249.311584 
M271.941498,175.570267 
	C273.260925,167.792557 272.475555,160.054626 271.950317,152.252457 
	C271.607880,147.165604 269.813171,145.396149 264.755859,146.282410 
	C264.643158,147.168655 264.378571,147.980988 264.466217,148.753326 
	C265.482635,157.710571 265.086426,166.657639 264.404816,175.609680 
	C264.202118,178.271484 263.716522,181.127029 267.694733,181.594131 
	C271.928070,182.091156 271.577972,179.049255 271.941498,175.570267 
M294.199432,129.406784 
	C293.794281,126.135307 291.768402,127.255646 290.319244,128.225342 
	C286.170380,131.001511 282.013702,133.807800 278.155609,136.963562 
	C274.976746,139.563736 276.183075,143.840973 280.277161,144.849609 
	C282.846954,145.482712 285.546570,145.573181 288.176514,145.980927 
	C296.272369,147.236084 299.764221,143.307999 297.902191,135.001892 
	C293.827515,135.240005 297.181000,138.879822 295.641846,140.312912 
	C291.094055,137.038208 290.783966,135.045837 294.199432,129.406784 
M154.978485,342.387695 
	C156.941055,340.548187 160.291290,340.305450 160.783340,336.749878 
	C162.095657,327.266754 163.339813,317.761078 166.612350,308.313690 
	C160.723679,310.828979 149.524277,334.919098 149.073837,345.736206 
	C151.032394,344.659424 152.717468,343.733002 154.978485,342.387695 
M297.382568,199.514618 
	C306.486389,194.501862 315.590179,189.489120 325.206635,184.194092 
	C322.119141,181.178452 320.352051,177.239334 316.144165,179.552673 
	C308.995544,183.482651 302.384369,188.296509 295.953247,193.320267 
	C292.891052,195.712341 292.964294,197.911285 297.382568,199.514618 
M183.572571,414.687653 
	C184.690491,414.533783 185.691544,413.913635 185.341080,412.784851 
	C183.672638,407.411285 181.932556,402.054871 180.010071,396.767975 
	C179.331924,394.902985 177.805923,394.313568 176.068680,395.830963 
	C170.294937,400.874146 168.021255,407.236450 168.578842,414.751801 
	C173.555527,414.751801 178.160553,414.751801 183.572571,414.687653 
M277.291656,294.196198 
	C273.979980,291.448212 271.965179,287.606842 269.277924,284.243713 
	C267.696411,285.595856 267.916809,287.500183 267.044159,288.819611 
	C264.518982,292.637573 265.858307,294.864960 269.454010,297.145538 
	C274.331055,300.238831 279.038086,303.674469 283.180176,307.764679 
	C285.214844,309.773895 286.355530,312.694366 289.189209,314.123474 
	C291.585724,309.523529 291.105011,306.035553 287.050537,302.961151 
	C283.766083,300.470642 280.869049,297.469208 277.291656,294.196198 
M306.103058,295.724091 
	C307.025055,292.261292 307.327271,288.899506 304.663025,285.909760 
	C295.153961,295.153809 292.985382,312.445923 300.895111,318.965118 
	C302.589020,311.316467 304.227539,303.917786 306.103058,295.724091 
M303.158417,350.216492 
	C302.100983,345.867432 301.268768,341.445709 299.898285,337.197632 
	C299.125397,334.801910 297.855499,332.532654 298.841370,330.037781 
	C301.389435,323.589661 296.871124,320.121399 293.736359,315.981934 
	C292.362305,316.708496 292.198700,317.613281 292.383026,318.380829 
	C293.903351,324.711151 295.091522,330.619537 294.598755,337.643768 
	C293.994995,346.249908 299.909912,354.782593 305.849640,362.095459 
	C305.034607,358.400543 304.219604,354.705627 303.158417,350.216492 
M163.205399,392.964935 
	C157.850357,394.424377 154.541229,398.632111 150.296173,402.084351 
	C154.110947,407.260681 158.232468,411.332947 164.619507,413.500305 
	C166.436203,406.464874 168.411240,399.840912 163.205399,392.964935 
M277.123138,124.644714 
	C273.097351,126.981956 269.174530,129.526703 265.013458,131.591309 
	C261.635742,133.267242 261.639893,135.656097 262.564270,138.617599 
	C263.587219,141.894791 265.722900,143.029099 268.970154,142.229156 
	C271.033630,130.825424 282.522644,129.072586 289.048035,122.260292 
	C287.695343,119.980331 285.988373,119.945808 283.947296,121.088860 
	C281.925720,122.220955 279.854645,123.264595 277.123138,124.644714 
M168.900177,455.777771 
	C164.124283,447.774567 155.483597,443.638550 149.651672,436.644989 
	C153.849640,449.282532 163.078430,458.256042 172.458267,468.556702 
	C171.144104,463.770844 170.145493,460.134125 168.900177,455.777771 
M190.944702,252.804642 
	C189.133560,253.940399 187.202515,254.924881 185.537308,256.244751 
	C182.470047,258.675873 184.436859,261.697021 184.968048,264.439667 
	C185.428650,266.817993 187.460159,266.637543 189.328003,266.546997 
	C192.059875,266.414520 193.277649,264.545624 193.200546,262.296295 
	C193.085266,258.932587 195.768951,255.121674 191.909042,252.247147 
	C191.843079,252.198029 191.617035,252.363876 190.944702,252.804642 
M229.558136,274.077789 
	C233.350372,273.329285 233.001648,269.795410 234.824051,266.744690 
	C226.717346,266.744690 219.287445,266.744690 210.979309,266.744690 
	C217.141785,270.285950 223.315475,271.367584 229.558136,274.077789 
M152.367615,347.701263 
	C151.478989,348.607544 149.800583,348.531952 149.306015,350.270538 
	C153.511063,352.910553 156.787872,356.608917 160.727936,361.495178 
	C160.526505,354.892426 161.191101,349.552460 160.088181,344.240082 
	C156.753052,344.065063 155.181427,346.434937 152.367615,347.701263 
M175.399445,385.989014 
	C172.695236,385.560608 169.991028,385.132172 167.014206,384.660583 
	C167.883316,389.279266 166.049255,393.700500 169.503067,397.330292 
	C173.064407,395.486084 175.158890,392.197754 177.700134,389.449036 
	C179.385529,387.626099 178.301300,386.467316 175.399445,385.989014 
M167.556702,199.177124 
	C164.531158,200.766083 161.505630,202.355042 158.480087,203.944000 
	C163.864624,203.691040 168.875946,202.731598 173.883926,201.754990 
	C179.186996,200.720825 179.519241,199.799301 176.145157,194.886551 
	C173.532349,196.204620 170.881699,197.541794 167.556702,199.177124 
M247.327072,393.311035 
	C248.628738,395.826965 249.930389,398.342865 251.350800,401.088348 
	C254.165543,394.732513 252.205215,387.293335 245.800217,383.366333 
	C247.737381,387.032135 246.407486,389.820374 247.327072,393.311035 
M312.316650,129.508011 
	C316.250549,127.867180 319.844452,125.868355 321.572540,121.417007 
	C317.261810,119.356842 314.642609,122.555779 312.662933,124.174500 
	C308.958740,127.203316 309.404449,127.748405 312.316650,129.508011 
M336.506287,253.448730 
	C340.362915,256.100311 343.853149,254.440277 348.418884,252.541885 
	C343.363037,251.020218 339.273529,250.200699 334.465790,249.798279 
	C335.206970,251.195892 335.657043,252.044556 336.506287,253.448730 
M186.522095,403.091156 
	C186.244110,402.957947 185.970627,402.811737 185.681274,402.711395 
	C185.651947,402.701263 185.431854,402.991547 185.459793,403.102142 
	C186.413010,406.879242 187.344620,410.669464 190.038010,413.786346 
	C191.644821,413.077362 192.990189,412.315796 193.160324,410.456451 
	C191.015259,408.102417 188.929123,405.813049 186.522095,403.091156 
M246.687607,429.491028 
	C247.258026,428.289276 247.828461,427.087555 248.233551,426.234131 
	C243.939758,424.602081 242.755844,427.789337 241.122162,430.632690 
	C243.127609,432.462616 245.018127,434.202942 246.687607,429.491028 
M308.952454,275.368378 
	C307.776245,278.067352 305.217773,280.620056 308.510590,284.441284 
	C309.608002,279.332367 310.583466,274.791077 311.558960,270.249786 
	C311.418213,270.213409 311.277466,270.177032 311.136719,270.140625 
	C310.517212,271.670959 309.897705,273.201294 308.952454,275.368378 
M320.040527,229.442123 
	C317.556610,226.039032 316.497101,228.675964 314.932770,230.431488 
	C316.804230,231.947830 318.610229,232.467758 320.578949,232.349121 
	C321.238068,231.368149 320.628967,230.681686 320.040527,229.442123 
M168.060272,299.528778 
	C167.337585,300.898407 166.614899,302.268005 165.447937,304.479614 
	C169.462494,302.372559 169.452057,299.340363 169.716873,296.434601 
	C169.255463,297.279510 168.794052,298.124451 168.060272,299.528778 
z"/>
<path fill="#000000" opacity="1.000000" stroke="none" 
	d="
M203.181702,26.599255 
	C200.299683,26.925131 200.179871,23.457676 197.770264,23.215572 
	C196.322784,25.912531 200.068558,28.468731 197.761292,31.490461 
	C191.957825,26.559299 185.591003,31.756865 179.445618,30.409466 
	C177.317093,29.942781 174.897995,30.883286 172.880325,29.441286 
	C173.592972,26.017521 177.935699,28.284601 178.533920,25.295347 
	C177.994583,22.682573 175.366379,25.132742 174.384995,23.362804 
	C174.365005,19.538746 180.985825,21.548346 180.362350,16.775148 
	C176.548447,15.907570 174.071991,19.525616 170.619644,19.695923 
	C171.337769,14.725946 175.228424,12.786482 184.395081,12.620345 
	C189.901321,12.520550 189.901321,12.520549 200.100327,18.883507 
	C202.265732,15.900725 204.732803,15.957237 206.894730,19.004995 
	C210.756653,16.375128 210.756653,16.375128 215.180069,21.710836 
	C217.801865,20.002371 215.718872,16.518711 217.799210,14.635058 
	C219.463409,14.122099 220.492249,15.091749 220.931732,16.362013 
	C222.242615,20.150915 224.544617,20.409624 227.420319,18.291857 
	C228.789856,17.283262 229.751999,17.294182 231.410934,17.841993 
	C234.665268,18.916643 237.887817,17.229151 241.139221,16.792801 
	C242.790253,16.571226 244.660751,15.278702 246.491837,17.539803 
	C243.506180,21.015089 238.215775,18.804991 235.102859,21.844147 
	C237.331207,25.000217 241.926575,22.168951 243.884979,25.600197 
	C237.492142,29.643705 226.979065,33.538113 220.005524,24.905710 
	C218.172180,27.109432 216.519135,30.384375 213.035263,27.059759 
	C212.507263,26.555895 211.792480,26.876137 211.331085,27.469393 
	C208.900040,30.595181 207.461182,28.631422 206.155182,26.415123 
	C205.152939,24.714270 204.334091,25.741451 203.181702,26.599255 
M186.273392,15.945981 
	C184.835495,17.441353 183.928406,18.996891 186.473816,20.205151 
	C187.866272,20.866135 189.665680,21.136227 190.225800,19.240248 
	C191.040268,16.483305 189.029602,15.891524 186.273392,15.945981 
M188.021820,25.528862 
	C184.755447,22.962473 184.591171,22.989727 183.099823,26.552883 
	C184.745285,26.782335 186.298828,27.256832 188.021820,25.528862 
z"/>
<path fill="#000000" opacity="1.000000" stroke="none" 
	d="
M157.334091,26.119473 
	C157.986145,24.993044 159.093613,24.493256 158.785507,22.944878 
	C152.633301,21.678778 151.842468,29.085051 147.332367,30.520294 
	C146.597855,25.493385 157.157410,12.289491 161.512634,12.472088 
	C162.426407,15.015905 158.847549,15.745041 159.211105,18.069660 
	C167.701782,19.230217 167.701782,19.230217 163.030563,25.922310 
	C165.592026,26.777756 168.424011,23.903412 171.347305,26.735558 
	C167.061798,29.362883 162.714615,29.704464 158.349182,29.503387 
	C156.604858,29.423042 156.589050,27.829195 157.334091,26.119473 
z"/>
<path fill="#000000" opacity="1.000000" stroke="none" 
	d="
M132.597076,20.576431 
	C131.947266,20.064266 131.311401,19.690254 131.331512,19.355701 
	C131.583420,15.168313 139.639481,9.071636 144.257736,9.535159 
	C145.027176,11.819292 142.977188,12.243145 141.793045,13.203578 
	C140.662003,14.120975 139.471542,14.965163 138.151474,15.958748 
	C139.936050,17.312511 143.704269,15.617971 142.966736,19.621319 
	C142.131607,24.154608 138.915817,25.742968 131.708130,24.952374 
	C132.504242,21.795002 135.969833,22.943073 137.642960,21.030336 
	C135.963303,20.924658 134.439575,20.828789 132.597076,20.576431 
z"/>
<path fill="#000000" opacity="1.000000" stroke="none" 
	d="
M169.079025,57.385574 
	C166.914307,65.336494 159.954193,68.226349 154.065292,72.261620 
	C158.705231,66.915916 161.454208,59.731228 169.079025,57.385574 
z"/>
<path fill="#000000" opacity="1.000000" stroke="none" 
	d="
M148.375092,19.404055 
	C146.996887,21.737305 146.534500,24.370361 143.035858,25.812838 
	C142.947296,20.605349 145.537064,17.449238 147.844284,13.935383 
	C150.632111,15.884088 149.023941,17.495098 148.375092,19.404055 
z"/>
<path fill="#000000" opacity="1.000000" stroke="none" 
	d="
M165.824524,42.795422 
	C167.383820,39.660725 169.633926,37.720829 173.195084,37.485455 
	C171.374680,40.114887 170.062195,43.338463 165.824524,42.795422 
z"/>
</svg>